500
54
28693
12255
24449
27660
31430
23927
17649
27472
32640
5114
28321
13533
17476
426
4307
11963
20107
12150
1231
12517
10992
31193
28211
25936
23849
4352
19083
26922
3131
17451
7969
4959
16110
7253
14615
1122
15487
2583
13234
25386
26006
10954
14585
27515
6519
26860
12415
12646
31612
31684
20605
15891
11459
2633
17699
27070
20004
30017
25136
5888
24166
3238
4801
13136
18610
13389
31590
8393
14151
15306
635
27950
32368
28046
12982
31275
13235
6482
11260
31453
17740
7609
5753
27285
9690
13616
19439
24793
24663
2585
11086
26284
10317
22058
19078
12560
14919
4367
31385
25800
8326
29271
20980
18274
12278
19085
12543
373
20833
30629
29939
22056
27361
30875
19692
29683
32155
25686
25919
17066
19370
18386
23821
21175
6746
12158
14872
20902
25751
24547
20182
10216
4517
391
18116
9168
1041
17425
19709
21986
5351
15533
267
589
20261
946
11773
19382
32624
21891
30649
31543
27654
15027
29332
2472
18676
31596
22816
19997
15497
25105
21573
30127
2058
4386
2452
10368
10407
28768
25559
32761
1198
30002
18925
12886
30975
19016
14293
5989
23232
6782
28168
27274
16721
771
11020
28167
11394
28858
9030
21370
23300
27872
11024
3495
25886
7408
18187
28536
28577
31171
5814
15426
2846
508
19776
3402
4950
27555
11419
12424
8946
6416
14034
25771
28533
21771
2460
5725
8558
6705
6193
711
31986
27034
14172
25432
28233
29880
12242
1730
20200
7810
19138
31558
30367
6098
3245
11826
27924
6924
4728
9384
20336
2817
17600
12704
15960
30995
21869
19760
26655
22169
15242
28940
826
21893
8532
7753
19700
15428
30864
28774
24675
12517
10530
24972
31130
16254
3548
9237
31008
8139
13204
13644
15265
32281
3705
3443
6628
19298
6567
4363
9469
22714
5368
10063
29380
16873
21789
6658
3717
27482
23022
8810
25081
5940
7935
18333
10869
21958
23156
29179
20066
21800
7702
22524
9965
21535
3750
10284
4607
15426
9585
5235
24688
10075
12324
8858
29816
21520
738
26123
9318
19907
4244
1752
13716
19382
23936
14847
922
2931
30
3821
10178
10859
9254
13888
13500
17117
17390
9681
23187
20473
3059
15858
1760
7494
7349
21492
21822
17729
7881
17901
25597
839
23849
31671
24859
23732
22990
31036
25455
25933
4225
26097
25640
8923
23534
11681
27766
21529
12538
7788
19335
7888
9302
10255
26805
26945
28244
8294
1534
25283
24826
12591
1716
32685
1110
21264
3701
27766
19728
31196
3166
15387
8518
22034
1660
21953
8083
20390
14723
26012
23665
7684
24771
21775
2498
8531
14935
3605
15529
24822
7072
3551
17822
21337
10738
2751
20162
21226
2956
12612
13423
25701
9422
15527
19476
12885
13734
28261
3392
25048
27468
10542
20732
9378
14895
13054
7006
11332
5167
25226
9051
25262
20236
15325
3293
3059
20254
16451
2325
13645
19015
30054
20755
5473
14119
26551
11924
16836
15502
11279
1819
23997
13623
9366
7491
9805
7091
3301
31827
32620
29347
4455
16915
26262
32042
30213
15070
28294
23458
4098
1017
10306
24718
5923
10275
7511
12752
4628
27245
16230
2589
25095
13132
